69741360 2068550
85505948 57375895
16548029 15877983
2116447 65557293
68843515 26698748
63681053 758375
82054491 53035752
51269761 9353943
83218719 29697879
78332854 5930185
15581077 5686739
42832677 61349631
27187473 47191272
16484262 46340990
88030084 30471892
49567875 28322801
21317241 91081876
77907320 28557003
90459143 58301071
72024888 92329757
76804524 32605156
90221947 24249509
14824652 27361313
14351260 79925452
49903503 96347639
2977882 22923679
74114692 72165363
19810223 37579364
71219745 3508534
8925245 61939328
24392037 61538735
43062387 95564989
42491602 68995681
13975862 47439915
82178125 28501094
32055653 63787473
67117938 72998397
97442635 98180148
77972375 41313478
46324555 86298528
63325730 35926107
2541198 75010110
74432074 57892999
24139336 38500391
55132112 79725858
27502062 50806397
1503319 86793230
85230877 19681477
31078416 26859548
58589646 92878133
31307207 16972778
87633608 64828125
72799737 93067598
78375143 1445738
99409747 26090660
59000788 96863716
51250105 20787347
41125258 1927535
35517408 83623978
38026517 3870240
7563451 11573499
71301718 48331690
94194358 17984487
88941118 9470222
9632738 89921996
32048072 14902253
53541457 89236286
80698551 20424027
48226726 11239893
52212580 86674122
27502297 54489149
2358662 75684793
45454135 17558190
2245220 22402023
86381267 10006646
98713773 48036960
59175117 74020050
46421669 23448549
15507905 23188468
96517152 42849
84373789 5146065
68680243 52435381
67228901 78351652
36806241 75486196
34997223 95943676
77782380 71786454
20773668 39030899
90723514 73748765
86687916 66500671
40640723 76219250
56381957 67530243
36211222 8917353
30484605 91345320
81632371 53289639
53624536 75696629
3421565 76650083
81678319 24513989
48700653 65098577
30087667 70217476
49313067 72473012
30572331 98844181
28235297 52092056
46545688 50524705
13509963 13428905
33501730 9183033
52836725 30256276
88013298 61060967
97032021 83769848
79247557 83828554
96452286 2515414
28240641 94838277
65698290 29058909
8690151 62412260
66027271 28399595
9346534 61132804
55411730 65830624
42011865 30495824
54606986 49365929
16654004 25770782
27425984 46856074
10362762 78637232
47956792 46199757
88413450 26354034
92326428 44367969
6450753 95873926
31433049 3430879
12512245 82986984
77682141 71186935
30977710 40836906
19993862 89148574
81491294 5920451
14366859 16825880
58289517 42476538
6256911 91071981
1502671 2900260
91626223 11374419
53810577 32409914
6726778 62403578
62507916 81914938
41837871 29320715
38673835 50076567
18505541 97761244
87246986 36298998
34804593 77604633
51283357 23135608
48069358 18231929
44342478 92826117
76742616 81027694
72327958 15228049
48736440 45557869
24791075 21211873
63912155 45767108
94560645 26473766
21668508 62278495
60423029 89820005
11850715 8885085
5489275 84310830
21851633 43393690
17921790 34793784
59893441 7954494
61319006 52967387
86268098 96455721
88502232 81106749
26030078 86933697
94235941 77782743
7896067 81572782
89417029 90053052
61195539 80399358
31823791 45236006
41620702 35650556
49693081 59718102
73138477 7178595
70988481 46769324
95303978 84579339
16232901 72401165
77463784 93342533
54065563 33269403
9710589 45056615
73475712 8646255
51287860 98408139
19128373 48254667
95542872 81746903
98903315 54402896
88829013 33760523
87985691 88948222
66877953 50260090
45905602 93750623
88133380 57117918
55236834 21762255
18170734 80607862
30605778 75186945
86753715 29128235
12883782 53474949
25717469 55950430
86431548 94074843
11763438 9577455
63768290 90373311
93138560 33713384
92455916 53978904
25028573 58650905
54804362 90312789
5469654 31590053
34637494 90992311
633062 89690539
89197128 26894060
4141589 56154179
34200022 6566276
4834159 33652867
23858674 6671339
35463875 92473263
4499490 76843108
57363393 89364370
19887460 66486197
59465317 8543657
47462350 17350258
8404232 16704304
75499872 56381881
68859470 54211427
26004443 1820270
17309814 11846616
20680702 16360929
39023000 88154502
73764126 67619107
21065352 64613466
99572945 15003018
76505905 71226250
15739113 7911796
77239393 85682372
62084248 85764515
58174477 1006269
65061720 41123975
42590546 487134
45523102 28019731
90033785 85754099
19456826 39261501
20785019 43603956
32943 53871818
45449872 21137370
6696857 31473116
96839050 9156332
88266935 49174305
69949894 79947307
91581416 56128376
60133794 50623079
17139448 25442200
89732769 51610099
43078088 94523739
17776728 59873656
87528935 62881992
58345096 69785445
85419126 92422092
79653847 83072852
53788324 86076118
53535924 28417703
45970389 60158388
56292643 19360003
82975253 35981115
91539523 17770181
84566292 25107927
55985786 84784063
87650974 85447349
76226155 49938210
98075644 82467957
11367895 61195362
49445246 83628219
8493771 67922852
81962457 14330115
63069584 26755059
91438537 62432037
31776477 77967383
88844034 98554441
3694879 88980247
14486782 97747240
68101000 80247217
64913158 40099288
37163005 97602852
47504452 79517044
84352211 47422768
54641780 2180755
44559786 61249828
51661638 7659935
68752819 70002502
12551751 13904877
14433226 22383678
57524392 20115815
72231685 44034281
9782764 89459865
19943017 50896616
51034916 8125599
47068823 38286588
93816562 53245394
59979615 1853912
33371462 33582934
16679008 91278535
14424141 40053843
38022351 67512838
18879936 89415569
79560912 27841739
87256903 96269901
95735753 14925283
90387818 98662807
68111170 36836917
60029188 77820937
5161999 18147901
70182618 95934455
39437711 20609833
65386160 49865293
28803829 7071957
81043357 96585321
47036 12550098
84830817 51304074
56130575 65128837
16035795 43559376
19073536 72505982
48127986 89600844
21020124 23680877
83915471 28587588
80501335 80713968
41070910 45917529
57100051 73050226
57605040 72552944
76609974 2756239
79608627 80382138
74338020 63309373
97254063 86580646
77921727 52233060
52548767 15287148
98369526 52805965
19491384 44338872
36719818 13139845
87346279 84122064
97611523 36689780
66526868 8084960
86496321 21867147
13081441 32822099
2060380 24142498
78485786 29004823
28814254 73600024
31972693 64686139
67615522 66355059
57202356 3407897
53827298 44846631
14385367 80316098
41584107 8086099
10952534 26120668
88860149 21871222
95632662 85195621
36223062 93783783
32442377 12093198
18210693 26990441
89986038 61026753
37422612 88171315
68794259 5395755
85894170 57992802
81104076 1508301
791580 30671092
24349893 38544081
96330154 42086981
53074869 29648188
62826498 26537120
66726497 85506642
52543032 38009576
11139476 927548
42956898 79125492
60957349 59791020
76864406 39364631
85871526 63141286
25130614 65557129
36113016 80985961
99007820 94434489
84285123 85588670
26058696 52659223
71124528 95042407
32312721 94367539
36885555 1393592
59535361 2400702
54488062 61053137
98194806 39034762
90669098 71124855
43634911 53979862
61242615 94579722
66513186 5762387
78337762 71245638
39938629 61766477
69156287 48880442
78520888 66680834
99830611 71620650
191340 38693598
38226900 55802532
42733653 39366473
46283922 84873717
21115447 96151506
15350389 35027664
76484277 49787401
55324355 63548227
76810917 94078403
97228077 31993756
68604149 9791648
7434428 7803300
76035168 8722705
34911999 25196582
19098099 30980317
11050040 23473359
36964722 21988078
25274671 31112997
72288977 94956909
24116661 44536372
12432151 87103551
68642731 22561864
96767001 21979668
77615083 69158779
8953261 98139329
6131477 97704894
60278522 97497975
843241 40269567
38645704 7291981
30690158 66283549
21029553 76058939
25565389 38874891
30676578 41613450
41788256 67245829
81538307 99153479
17465375 87293934
58648623 13752266
92567335 49634172
54998502 26121563
77288906 13321998
82879503 13325901
79863070 22428918
3981632 64036834
96733881 67907315
3523229 99204062
80074210 15165036
80708039 68705034
96365066 33034147
32760804 11715965
26262565 36765917
48705799 31059947
71858674 66773905
80961330 35480083
32512017 80318327
84698242 10926691
46413613 88865212
19729412 8040311
53396822 11975997
49659889 41085937
76040479 1522776
33405472 73689618
36532946 23649039
36914857 1414983
89880460 54821031
50083778 76440354
39723484 29394412
18616345 21695569
24543729 18714124
53657070 80914882
13411117 55011469
88246640 65010391
84083581 40387339
61175524 9333172
85244507 87132522
3103407 73676252
35591602 17787562
13262933 12079369
59024364 97993504
45954957 84165671
50254307 15640634
77038725 57804176
92836758 59138827
87612286 82139645
9026020 79328188
58420564 91892507
85346501 27042544
98415656 82288470
94785967 41962011
72763626 73342980
75263130 1226646
98295507 35592401
22055201 20567028
30304580 80226304
46675175 74634832
36410704 33207426
23607229 49975874
61766394 47436260
66588572 53415684
98303352 22778834
38410555 46433690
3903989 59958915
65817519 73124125
56264553 97911904
73239820 74896342
62236971 80700534
6609075 45755526
93367180 69617111
98420614 58691185
60159764 13778478
40492338 15226180
